#vector de costes
c = 
   -28    35    87    42   100   -53    78    42    41   -75    22   -20   -25    84     0     0     0     0     0     0

#matriz de coeficientes
A =
    97   -64    45   -89   -34    -9    98    56    45    14    64  -100    -1   -18     0     0     0     0     0     0
   -47   -93    61    21    43    51    98    37   -97   -18    59   -10   -42   -34     0     0     0     0     0     0
    76   -29   -38   -46    24    23    30    48   -43   -53    54    44   -10    18     0     0     0     0     0     0
    29    37   -71   -16    86    11    12    39    89    55    92    52    63    32     0     0     0     0     0     0
    25   -85    99    45   -55    65    98     2   -16    33     3    95    35   -62    -1     0     0     0     0     0
    17   -25   -71     6    -5    58     1    -3    95   -60   -64    52    97    91     0     1     0     0     0     0
   -24    88    53    89   -14     7    64   -43  -100    13   -77   -67   -13    42     0     0    -1     0     0     0
    10    32    88    38    23    33    91    16    15    14   100    21    21    31     0     0     0     1     0     0
   -67   -37   -20   -68     0   -47   -80   -18   -54   -21   -52   -59   -17   -19     0     0     0     0    -1     0
    27     9    80    54    22    75    89    65    62    21     4    53     4     6     0     0     0     0     0     1

#términos independientes
b =
          104    29    98   510   281   190    17    87     0    53