#vector de costes
c = 
   6    40   -22     8    26   -19     4   -24   -75    -8   -38    10     3   -11     0     0     0     0     0     0

#matriz de coeficientes
A =
   -52    24   -68   -22    81    39   -11    73    97    68   -27    80    16   -72     0     0     0     0     0     0
   -97    75    66    36   -91   -63   -56   -10    90    91    -4    45    99    73     0     0     0     0     0     0
    82    19    74    82   -59    14    95    -8   -71    40    39    44   -99    26     0     0     0     0     0     0
    54    96   -20   -47    91   -10   -39     0   -85    80   -53   -60    61     3     0     0     0     0     0     0
   -95    55    26    29    36     3    98   -95   -94   -24   -27    85    76    53     1     0     0     0     0     0
   -43   -73     1    24    36    57     8    90     5    76    92    80    91   -59     0    -1     0     0     0     0
   -59    42   -76    17   -20    25    68    95    62   -25   -20   -22    50   -12     0     0     1     0     0     0
    48    61    34    24    57    30    59    97    69     3    29    12     0    60     0     0     0     1     0     0
    91    54    17    91    34    81    50    44    72     5    82    10    48     6     0     0     0     0     1     0
    29    56    72    99     1    26    76   100    39    70    90    65    59    14     0     0     0     0     0     1

#términos independientes
b =
          226   254   278    71   127   384   126    21    49    38