#vector de costes
c = 
   -62    -3   -24   -58   -72   -48   -51   -76   -51   -68   -91   -82   -11   -79     0     0     0     0     0     0     0     0     0     0

#matriz de coeficientes
A =
    10    97    71    91    91    91    93    95    48    49    65    56    10    13    -1     0     0     0     0     0     0     0     0     0
    74    18     0    68    63    97    66    76    66    35    45    86    97    32     0    -1     0     0     0     0     0     0     0     0
    86    48    80    41    92    69    94    82    78    28    32    29    58    88     0     0    -1     0     0     0     0     0     0     0
    87    12    32    40    64    81    16    41    10    42    39    37    78    15     0     0     0    -1     0     0     0     0     0     0
    16    38    19    51    87    27    27    33    62    95    33    77    86    17     0     0     0     0    -1     0     0     0     0     0
    25    35     1    18     7    13    28    14    93    10    59     5    17    63     0     0     0     0     0    -1     0     0     0     0
    56    13    27     2    96    10     6    55    63    22     3    56    50    13     0     0     0     0     0     0    -1     0     0     0
    67    83    19    45    90    21    66    90    64    33    49    45    27     5     0     0     0     0     0     0     0    -1     0     0
    17     9    37    96    54    19    31    97    92    36    47    55    90    78     0     0     0     0     0     0     0     0    -1     0
    61    27    90    17    32    50    14    59    51    37    26    72    25    10     0     0     0     0     0     0     0     0     0    -1

#términos independientes
b =
         879   822   904   593   667   387   471   703   757   570
