#vector de costes
c = 
   18    40   -63   -92   -59   -79    46    36    -5   -10   -97    51    21    93     0     0     0     0     0     0

#matriz de coeficientes
A =
    33   -44    77    79   -51    35   -16    17   -68    57    88    22    -2    27     0     0     0     0     0     0
   -21   -54    42    60    88    90   -37    14   -43    61   -60    31   -81   -87     0     0     0     0     0     0
   -10    60    57     0    81    12   -56   -88    75    22   -34   -54    77   -58     0     0     0     0     0     0
   -55     9    52    79    75    39    10   -42    19    -4   -38    89   -61   -33     0     0     0     0     0     0
    58    50    70    55    76    73    70    88    50    81    83    86    79   100     1     0     0     0     0     0
   -47    24    55   -74  -100    38   -48    42    66    72    66    18    65    17     0    -1     0     0     0     0
    49    43    16    97    31    -1     0    22    -6    18   -77    33   -80    49     0     0    -1     0     0     0
   -81    48   -88    11   -38    70   -24    27    75    56    64    90   -24    75     0     0     0    -1     0     0
    93   -52    19     6    70   -42    58    67    69    88    48   -54    41   -20     0     0     0     0    -1     0
   -50   -13    68    85    76    36   -67   -36    95   -79    70   -66     2    12     0     0     0     0     0    -1

#términos independientes
b =
          254           3          84         139        1020         193         193         260         390         132