#vector de costes
c = 
   51   -31    89   -56    15    80   -58    78   -96    -1    67    19    11    56     0     0     0     0     0     0

#matriz de coeficientes
A =
    48    86    59   -71   -37   -18    58    59   -64   -87   -19    77   -12    46     0     0     0     0     0     0
    42   -30    66    24   -68    44   -37   -32    39    52    36   -47    65    78     0     0     0     0     0     0
   -57   -57   -68    39    76    39    51    74   -10   -18   -17    86    35    97     0     0     0     0     0     0
    75   -38    89    60   -32    76   -25   -20    81    66     4   -58    42    59     0     0     0     0     0     0
   100    83    97    54    69    60    82    70    61    89    82   100    84    88     1     0     0     0     0     0
   -40   -88   -77   -26    -9   -24   -29    35    41    45    92    46    10    74     0     1     0     0     0     0
    99   -73    95    34   -76   -53    72   -81    91   -80   -48    73   -51    31     0     0    -1     0     0     0
     7    96   -56     9   -62    65    24   -62   -90   -47   -49    70    93    63     0     0     0     1     0     0
    44    52    96    27   -66    66   -64    42    15   100    95    76    57   -38     0     0     0     0     1     0
    10    64   -61    67    93    53   -35    79    27   -78    20   -50    92   -44     0     0     0     0     0     1

#términos independientes
b =
          125         232         270         379        1120          51          32          62         503         238