#vector de costes
c = 
    61    81    56    75     7   -78    69   -54    70    73   -26    79    -7     5     0     0     0     0     0     0

#matriz de coeficientes
A =
    -1    86    -3    15    67    -7   -27   -87    95   -29    47     2     3    77     0     0     0     0     0     0
    60   -13   -15   -63   -46    41   -14   -44    48    38    23    24   -52    71     0     0     0     0     0     0
    68   -70   -65    98    43   -68    44   -41    82    35    37    90   -78    98     0     0     0     0     0     0
  -100    95    99    38   -92   -20    48   -82    72    86    71    57     7    74     0     0     0     0     0     0
    73    86    69    85    64    94    66    60    88    60    53    89    90    55     1     0     0     0     0     0
    21     9    65   -60    10    90    94    96   -26   -85   -76    54   -33    72     0    -1     0     0     0     0
     2   -79     5    91   -18    99   -68   100    64     3   -65    47   -69    -5     0     0     1     0     0     0
    96    23    56   -79     1    97   -36   -52    13    45    75   -37    93    -1     0     0     0    -1     0     0
   -56    21    64   -14    78    13   -45   -75   -54   -36    49     0   100   -14     0     0     0     0    -1     0
    71    87    80    66    -9   -71    85   -86    67    96    61   -15   -89    21     0     0     0     0     0     1

#términos independientes
b =
          238          58         273         353        1033         230         108         293          30         365