#vector de costes
c = 
      69    77   -72   -88   -62     7   -69    66    84   -98    -2    39    64    29     0     0     0     0     0     0

#matriz de coeficientes
A =
    92    63   -96   -14   -60   -44    55    24   -18    47    81   -18    29   -48     0     0     0     0     0     0
   -32   -79    32     9    79    50   -42    74    90   -43    24    10    37    15     0     0     0     0     0     0
    -2   -36    28   -87    65   -18    36    91   -35    75    -8   -79    29    64     0     0     0     0     0     0
   -69    36   -57    72    68    63    20   -59    51    79   -10    70   -88    31     0     0     0     0     0     0
    63    97    94    58    75    51    68    91    92    60    97    66    76    66     1     0     0     0     0     0
    14    74    85    58   -12     4   -79    49   -50    78   -51    69     3   -67     0     1     0     0     0     0
   100    36   -60    12   -26    64    66    60   -31    25    75    87    89    18     0     0     1     0     0     0
   -62    15   -75    44    40    52    84    27    37   -93    93    33    88   -43     0     0     0    -1     0     0
    94    53    44   -64    53   -66   -20    67    47    57   -73    88    38   -67     0     0     0     0    -1     0
    95    66    13    -1   -18    -9   -29   -66    14   -14   -63    30    78    39     0     0     0     0     0    -1

#términos independientes
b =
      93         224         123         207        1055         176         516         239         250         134
