#vector de costes
c = 
   -77   -88   -38   -65   -84    -7   -20   -24   -66   -53   -22   -26   -20   -36     0     0     0     0     0     0     0     0     0     0

#matriz de coeficientes
A =
    43   100    23    78    73    25    31    92    67    12    29    81    67    74    -1     0     0     0     0     0     0     0     0     0
    23    71    26     3    75    84    67    38    93    78    38    61     1    98     0    -1     0     0     0     0     0     0     0     0
    44    94    62    85    80    15    75    57    39    90    49    71    30    19     0     0    -1     0     0     0     0     0     0     0
    29    74    34     0    86    77    11    63    77    88     1    25    56    62     0     0     0    -1     0     0     0     0     0     0
    78     1    50    54    62    34    93    27    11    82    94    37    21    96     0     0     0     0    -1     0     0     0     0     0
    27    61    31    42     2    14    23    59    88    14    73     9    72    71     0     0     0     0     0    -1     0     0     0     0
    99    42     2    42    65    76    86     0    52    79    46    69    13    59     0     0     0     0     0     0    -1     0     0     0
    24    41    13    50    88    86    65    59    36     0    28    23    84    80     0     0     0     0     0     0     0    -1     0     0
    45    70    99    29    81     4    91    60    40    22    93    17    10    47     0     0     0     0     0     0     0     0    -1     0
    60    67    47    44    29    25    96    37    58    27    30    51    37    39     0     0     0     0     0     0     0     0     0    -1

#términos independientes
b =
          794   755   809   682   739   585   729   676   707   646